10 1.676e-06
13 6.826e-07
16 8.944e-07
20 1.016e-06
25 1.335e-06
32 1.822e-06
40 2.533e-06
50 4.134e-06
63 5.507e-06
79 7.700e-06
100 1.099e-05
126 1.590e-05
158 2.306e-05
200 3.315e-05
251 4.802e-05
316 7.332e-05
398 1.029e-04
501 1.543e-04
631 2.430e-04
794 3.690e-04
1000 6.374e-04
1259 9.406e-04
1585 1.490e-03
1995 2.445e-03
2512 3.605e-03
3162 6.142e-03
3981 1.058e-02
5012 1.893e-02
6310 3.291e-02
7943 5.758e-02
10000 1.042e-01
10 7.277e-07
13 9.284e-07
16 1.102e-06
20 1.218e-06
25 1.375e-06
32 1.754e-06
40 2.095e-06
50 2.744e-06
63 5.316e-06
79 6.560e-06
100 8.573e-06
126 1.377e-05
158 2.141e-05
200 2.859e-05
251 4.349e-05
316 6.471e-05
398 9.310e-05
501 1.489e-04
631 2.257e-04
794 3.441e-04
1000 5.479e-04
1259 8.496e-04
1585 1.358e-03
1995 2.253e-03
2512 3.711e-03
3162 6.322e-03
3981 1.050e-02
5012 1.740e-02
6310 2.916e-02
7943 4.868e-02
10000 8.092e-02
10 5.727e-07
13 7.204e-07
16 7.154e-07
20 7.781e-07
25 7.809e-07
32 8.822e-07
40 1.090e-06
50 1.230e-06
63 1.646e-06
79 3.185e-06
100 3.455e-06
126 4.073e-06
158 5.218e-06
200 7.533e-06
251 1.392e-05
316 1.656e-05
398 2.523e-05
501 4.009e-05
631 6.284e-05
794 9.225e-05
1000 1.484e-04
1259 2.265e-04
1585 3.615e-04
1995 5.644e-04
2512 9.031e-04
3162 1.432e-03
3981 2.244e-03
5012 3.598e-03
6310 5.824e-03
7943 8.994e-03
10000 1.474e-02
12589 2.210e-02
15849 3.484e-02
19953 5.725e-02
25119 9.005e-02
10 7.006e-07
13 8.397e-07
16 9.694e-07
20 1.039e-06
25 1.189e-06
32 1.414e-06
40 1.694e-06
50 2.308e-06
63 2.463e-06
79 2.800e-06
100 3.496e-06
126 4.255e-06
158 5.505e-06
200 7.337e-06
251 9.453e-06
316 1.179e-05
398 1.569e-05
501 2.190e-05
631 2.612e-05
794 3.390e-05
1000 4.407e-05
1259 5.619e-05
1585 7.289e-05
1995 9.703e-05
2512 1.309e-04
3162 1.698e-04
3981 2.145e-04
5012 2.743e-04
6310 3.599e-04
7943 4.831e-04
10000 5.936e-04
12589 8.118e-04
15849 1.067e-03
19953 1.561e-03
25119 2.023e-03
31623 3.136e-03
39811 4.107e-03
50119 3.923e-03
63096 5.063e-03
79433 6.842e-03
100000 8.315e-03
125893 1.064e-02
158489 1.486e-02
199526 1.816e-02
251189 2.398e-02
316228 3.091e-02
398107 3.969e-02
501187 5.141e-02
630957 7.176e-02
10 5.483e-07
13 7.979e-07
16 8.278e-07
20 9.906e-07
25 1.067e-06
32 1.410e-06
40 1.530e-06
50 1.865e-06
63 2.202e-06
79 2.785e-06
100 3.119e-06
126 4.229e-06
158 5.601e-06
200 7.284e-06
251 8.693e-06
316 1.117e-05
398 1.404e-05
501 1.905e-05
631 2.122e-05
794 2.678e-05
1000 3.454e-05
1259 4.485e-05
1585 5.679e-05
1995 7.324e-05
2512 9.590e-05
3162 1.219e-04
3981 1.583e-04
5012 2.027e-04
6310 2.628e-04
7943 3.352e-04
10000 4.341e-04
12589 5.443e-04
15849 7.021e-04
19953 9.163e-04
25119 1.183e-03
31623 1.536e-03
39811 1.968e-03
50119 2.537e-03
63096 3.264e-03
79433 4.220e-03
100000 5.415e-03
125893 6.934e-03
158489 1.028e-02
199526 1.243e-02
251189 1.631e-02
316228 2.087e-02
398107 2.636e-02
501187 3.162e-02
630957 4.518e-02
794328 5.476e-02
1000000 6.555e-02
10 5.383e-07
13 8.633e-07
16 7.946e-07
20 8.660e-07
25 1.085e-06
32 9.914e-07
40 1.495e-06
50 1.662e-06
63 2.090e-06
79 2.599e-06
100 3.207e-06
126 4.481e-06
158 5.908e-06
200 7.498e-06
251 9.131e-06
316 1.265e-05
398 1.426e-05
501 1.764e-05
631 2.206e-05
794 2.852e-05
1000 3.596e-05
1259 4.781e-05
1585 5.991e-05
1995 7.746e-05
2512 1.001e-04
3162 1.298e-04
3981 1.662e-04
5012 2.146e-04
6310 2.812e-04
7943 3.593e-04
10000 4.638e-04
12589 6.089e-04
15849 7.777e-04
19953 1.003e-03
25119 1.340e-03
31623 1.701e-03
39811 2.186e-03
50119 2.853e-03
63096 3.623e-03
79433 4.634e-03
100000 6.289e-03
125893 8.177e-03
158489 9.907e-03
199526 1.289e-02
251189 1.643e-02
316228 2.101e-02
398107 2.735e-02
501187 3.482e-02
630957 4.472e-02
794328 5.791e-02
1000000 7.387e-02
10 6.707e-07
13 1.052e-06
16 1.165e-06
20 1.120e-06
25 1.291e-06
32 1.676e-06
40 1.847e-06
50 2.619e-06
63 2.950e-06
79 3.756e-06
100 3.712e-06
126 4.782e-06
158 6.794e-06
200 7.849e-06
251 1.009e-05
316 1.407e-05
398 1.744e-05
501 2.256e-05
631 2.966e-05
794 3.724e-05
1000 4.779e-05
1259 6.054e-05
1585 7.854e-05
1995 1.025e-04
2512 1.317e-04
3162 1.696e-04
3981 2.219e-04
5012 2.835e-04
6310 3.653e-04
7943 4.750e-04
10000 6.107e-04
12589 7.879e-04
15849 1.018e-03
19953 1.344e-03
25119 1.731e-03
31623 2.231e-03
39811 2.864e-03
50119 3.694e-03
63096 4.763e-03
79433 6.148e-03
100000 7.958e-03
125893 1.031e-02
158489 1.339e-02
199526 1.738e-02
251189 2.245e-02
316228 2.906e-02
398107 3.758e-02
501187 4.859e-02
630957 6.273e-02
10 5.700e-07
13 7.148e-07
16 8.210e-07
20 1.041e-06
25 1.143e-06
32 1.323e-06
40 1.694e-06
50 2.029e-06
63 3.282e-06
79 4.637e-06
100 6.028e-06
126 8.509e-06
158 1.225e-05
200 1.827e-05
251 2.804e-05
316 4.406e-05
398 6.753e-05
501 1.037e-04
631 1.629e-04
794 2.524e-04
1000 3.968e-04
1259 6.286e-04
1585 9.963e-04
1995 1.603e-03
2512 2.528e-03
3162 3.974e-03
3981 6.273e-03
5012 9.932e-03
6310 1.579e-02
7943 2.503e-02
10000 3.970e-02
12589 6.287e-02
10 6.326e-07
13 9.582e-07
16 1.091e-06
20 1.336e-06
25 1.412e-06
32 1.900e-06
40 2.566e-06
50 3.666e-06
63 5.273e-06
79 8.280e-06
100 1.166e-05
126 1.674e-05
158 2.848e-05
200 4.079e-05
251 6.287e-05
316 9.871e-05
398 1.548e-04
501 2.428e-04
631 3.842e-04
794 6.082e-04
1000 9.652e-04
1259 1.555e-03
1585 2.457e-03
1995 3.873e-03
2512 6.132e-03
3162 9.726e-03
3981 1.543e-02
5012 2.448e-02
6310 3.884e-02
7943 6.162e-02
